25,290,-55,348,-52,400,-24,933,540,970,560,
28,230,-55,348,-52,400,-24,933,540,970,560,
31,170,-55,348,-52,400,-24,933,540,970,560,
34,110,-55,348,-52,400,-24,933,540,970,560,
37,50,-55,348,-52,400,-24,933,540,970,560,
40,-10,-55,348,-52,400,-24,933,540,970,560,
60,290,545,348,540,400,516,933,-24,970,-70,
63,230,545,348,540,400,516,933,-24,970,-70,
66,170,545,348,540,400,516,933,-24,970,-70,
69,110,545,348,540,400,516,933,-24,970,-70,
72,50,545,348,540,400,516,933,-24,970,-70,
75,-10,545,348,540,400,516,933,-24,970,-70,
125,1009,135,965,135,-70,135,
128,1055,135,965,135,-70,135,
131,1101,135,965,135,-70,135,
125,1009,357,965,357,-70,357,
128,1055,357,965,357,-70,357,
131,1101,357,965,357,-70,357,
145,1147,135,965,135,-70,135,
148,1200,135,965,135,-70,135,
151,1250,135,965,135,-70,135,
145,1147,357,965,357,-70,357,
148,1200,357,965,357,-70,357,
151,1250,357,965,357,-70,357,
165,1300,135,965,135,400,135,485,55,970,55,
171,1350,135,965,135,400,135,485,55,970,55,
177,1400,135,965,135,400,135,485,55,970,55,
165,1300,357,965,357,400,357,485,437,970,437,
171,1350,357,965,357,400,357,485,437,970,437,
177,1400,357,965,357,400,357,485,437,970,437,
